934e 554d 5059 0100 4600 7b27 6465 7363
7227 3a20 273c 6638 272c 2027 666f 7274
7261 6e5f 6f72 6465 7227 3a20 4661 6c73
652c 2027 7368 6170 6527 3a20 2834 344c
2c29 2c20 7d20 2020 2020 2020 2020 200a
0000 0000 0000 f03f 0000 0000 0000 f03f
0000 0000 0000 f03f 0000 0000 0000 f0bf
0000 0000 0000 f0bf 0000 0000 0000 f0bf
0000 0000 0000 f0bf 0000 0000 0000 f03f
0000 0000 0000 f03f 0000 0000 0000 f03f
0000 0000 0000 f03f 0000 0000 0000 f03f
0000 0000 0000 f0bf 0000 0000 0000 f0bf
0000 0000 0000 f0bf 0000 0000 0000 f03f
0000 0000 0000 f03f 0000 0000 0000 f03f
0000 0000 0000 f03f 0000 0000 0000 f03f
0000 0000 0000 f03f 0000 0000 0000 f0bf
0000 0000 0000 f0bf 0000 0000 0000 f03f
0000 0000 0000 f0bf 0000 0000 0000 f0bf
0000 0000 0000 f0bf 0000 0000 0000 f0bf
0000 0000 0000 f0bf 0000 0000 0000 f03f
0000 0000 0000 f03f 0000 0000 0000 f03f
0000 0000 0000 f03f 0000 0000 0000 f03f
0000 0000 0000 f03f 0000 0000 0000 f03f
0000 0000 0000 f03f 0000 0000 0000 f0bf
0000 0000 0000 f0bf 0000 0000 0000 f0bf
0000 0000 0000 f0bf 0000 0000 0000 f0bf
0000 0000 0000 f0bf 0000 0000 0000 f0bf
